100
99999 33 99999 99999 99999 8 99999 99999 99999 99999 99999 99999 99999 8 99999 99999 99999 99999 99999 99999 99999 99999 99999 99999 99999 99999 99999 99999 99999 99999 99999 99999 99999 99999 99999 99999 62 99999 99999 10 99999 99999 99999 99999 99999 99999 99999 99999 99999 99999 99999 99999 99999 99999 99999 99999 99999 60 99999 99999 99999 99999 99999 99999 99999 19 95 99999 99999 99999 99999 99999 99999 99999 99999 99999 99999 99999 6 54 99999 99999 99999 99999 90 99999 99999 99999 99999 99999 99999 99999 99999 68 99999 10 99999 99999 99999 99999
99999 99999 99999 99999 99999 99999 99999 99999 99999 99999 99999 99999 99999 99999 99999 99999 99999 99999 99999 99999 99999 99999 99999 99999 99999 99999 99999 99999 97 93 99999 99999 99999 99999 99999 99999 99999 99999 99999 9 99999 99999 73 74 83 99999 99999 99999 10 10 96 99999 99999 99999 99999 99999 99999 99999 99999 99999 15 99999 99999 99999 99999 2 99999 99999 99999 99999 99999 99999 19 99999 99999 99999 99999 99999 99999 73 99999 99999 99999 99999 94 99999 99999 99999 99999 99999 99999 99999 99999 99999 99999 99999 99999 99999 99999 99999
7 99999 99999 99999 99999 99999 99999 99999 99999 99999 99999 99999 99999 99999 99999 99999 99999 99999 99999 99999 99999 99999 99999 61 99999 99999 99999 99999 99999 99999 99999 86 99999 54 99999 65 99999 99999 99999 99999 99999 99999 83 67 99999 99999 99999 99999 99999 56 99999 99999 99999 99999 99999 99999 99999 99999 14 19 99999 99999 99999 9 99999 99999 99999 99999 99999 99999 99999 99999 99999 99999 99999 99999 99999 99999 99999 99999 43 99999 99999 36 67 99999 99999 99999 99999 99999 99999 67 99999 99999 99999 30 99999 99999 99999 99999
53 99999 99999 99999 99999 99999 99999 99999 99999 99999 74 99999 99999 99999 99999 99999 99999 99999 99999 99999 99999 99999 99999 99999 88 99999 99999 71 99999 99999 99999 99999 11 99999 99999 99999 99999 24 37 4 99999 99999 99999 99999 59 99999 99999 99999 99999 99999 99999 99999 99999 99999 99999 54 99999 99999 99999 99999 99999 99999 99999 47 99999 99999 99999 99999 33 99999 99999 99999 99999 99999 91 92 99999 99999 99999 99999 99999 99999 99999 99999 99999 99999 99999 99999 99999 99999 99999 99999 99999 99999 99999 99999 99999 16 93 99999
99999 99999 29 99999 99999 99999 99999 99999 99999 99999 99999 57 99999 99999 99999 99999 99999 99999 99999 99999 99999 99999 14 99999 99999 99999 99999 99999 99999 42 99999 71 99999 80 99999 99999 99999 99999 99999 99999 99999 46 99999 99999 99999 99999 99999 99999 99999 99999 63 99999 99999 99999 99999 99999 99999 99999 99999 99999 99999 99999 99999 99999 52 99999 99999 99999 99999 99999 99999 4 99999 99999 99999 99999 99999 99999 99999 99999 99999 64 99999 99999 99999 99999 99999 99999 99999 99999 51 99999 99999 99999 99999 99999 99999 99999 99999 99999
99999 99999 99999 99999 99999 99999 99999 76 99999 99999 99999 99999 99999 99999 99999 99999 99999 99999 99999 99999 18 99999 99999 99999 99999 99999 99999 99999 99999 99999 99999 99999 99999 99999 99999 99999 99999 46 99999 99999 84 99999 99999 71 99999 99999 12 99999 99999 99999 99999 99999 99999 99999 99999 99999 99999 99999 99999 99999 99999 99999 99999 99999 99999 99999 99999 99999 99999 99999 99999 99999 99999 99999 99999 99999 99999 99999 99999 99999 99999 99999 99999 99999 99999 99999 99999 99999 99999 99999 99999 99999 99999 99999 99999 63 99999 99999 99999 99999
99999 99999 99999 99999 99999 99999 99999 99999 99999 99999 99999 99999 99999 99999 4 99999 99999 99999 99999 99999 99999 99999 99999 99999 99999 99999 99999 99999 99999 99999 99999 99999 99999 99999 53 99999 99999 99999 99999 99999 99999 99999 99999 99999 99999 42 99999 99999 89 99999 99999 99999 99999 99999 99999 99999 99999 77 99999 99999 99999 99999 94 99999 99999 99999 99999 99999 99999 99999 99999 99999 26 99999 99999 99999 99999 99999 99999 43 99999 99999 99999 99999 99999 99999 99999 39 99999 99999 99999 99999 99999 99999 69 99999 99999 99999 14 99999
99999 99999 99999 99999 99999 99999 99999 99999 99999 99999 99999 99999 99999 99999 99999 99999 99999 99999 99999 99999 99999 99999 99999 2 99999 99999 99999 99999 99999 99999 99999 99999 99999 13 99999 99999 99999 99999 69 99999 99999 99999 99999 29 99999 99999 99999 99999 99999 99999 99999 99999 99999 99999 99999 99999 99999 99999 99999 99999 99999 99999 8 99999 99999 99999 99999 99999 99999 99999 49 99999 99999 99999 99999 99999 99999 73 99999 99999 99999 99999 99999 99999 99999 99999 48 99999 99999 2 99999 99999 99999 99999 99999 99999 99999 99999 99999 99999
99999 99999 99999 99999 99999 99999 99999 99999 99999 99999 13 99999 99999 99999 99999 99999 99999 99999 99999 99999 99999 99999 99999 99999 99999 25 99999 99999 99999 99999 99999 99999 99999 99999 99999 99999 99999 99999 99999 99999 99999 25 99999 99999 99999 53 99999 99999 99999 5 99999 99999 99999 99999 99999 99999 99999 99999 99999 99999 99999 99999 99999 99999 99999 99999 99999 99999 99999 39 99999 99999 99999 99999 99999 99999 99999 99999 99999 99999 99999 99999 99999 99999 99999 99999 99999 99999 99999 91 99999 99999 55 99999 99999 99999 26 99999 99999 99999
99999 99999 99999 53 99999 99999 99999 55 99999 99999 87 99999 82 99999 99999 42 99999 99999 99999 48 99999 99999 99999 99999 99999 99999 99999 99999 99999 99999 99999 99999 99999 99999 99999 23 99999 99999 99999 99999 99999 99999 99999 99999 99999 99999 99999 99999 99999 99999 99999 99999 99999 99999 99999 99999 79 99999 66 99999 99999 99999 99999 99999 99999 99999 99999 99999 99999 99999 99999 99999 99999 99999 99999 99999 30 99999 99999 17 99999 99999 99999 53 99999 99999 99999 99999 99999 34 99999 99999 99999 99999 99999 99999 99999 99999 79 59
99999 99999 99999 99999 99999 99999 99999 99999 99999 99999 99999 99999 99999 99999 99999 99999 99999 99999 99999 99999 99999 99999 99999 99999 99999 99999 99999 69 99999 99999 99999 99999 99999 99999 99999 99999 99999 95 99999 21 99999 99999 99999 99999 99999 99999 99999 99999 99999 99999 99999 99999 99999 99999 99999 99999 99999 99999 99999 99999 99999 99999 99999 99999 99999 99999 99999 99999 99999 90 99999 99999 99999 99999 99999 99999 99999 99999 99999 99999 99999 99999 17 99999 99999 99999 99999 99999 99999 99999 99999 99999 99999 99999 99999 99999 99999 99999 99999 99999
99999 99999 99999 99999 99999 99999 31 99999 99999 99999 99999 99999 99999 99999 50 99999 99999 99999 8 99999 99999 99999 99999 99999 99999 99999 99999 99999 99999 99999 99999 99999 99999 99999 99999 99999 99999 99999 99999 99999 60 99999 99999 99999 99999 99999 99999 99999 99999 99999 99999 99999 99999 99999 99999 99999 99999 99999 99999 92 99999 99999 99999 19 68 99999 99999 99999 99999 99999 99999 99999 99999 99999 99999 99999 99999 99999 99999 99999 99999 93 65 1 99999 58 99999 99999 99999 99999 99999 99999 99999 99999 99999 99999 99999 99999 99999 21
99999 99999 99999 99999 94 99999 99999 51 99999 99999 99999 99999 99999 57 40 99999 99999 99999 99999 99999 99999 99999 31 99999 99999 99999 99999 60 99999 11 99999 99999 99999 99999 99999 99999 99999 99999 99999 94 99999 99999 99999 99999 99999 99999 99999 99999 99999 99999 99999 86 99999 99999 99999 99999 99999 99999 99999 99999 99999 99999 99999 99999 99999 99999 99999 78 99999 30 99999 99999 99999 99999 99999 99999 99999 99999 99999 99999 99999 99999 99999 99999 99999 99999 6 99999 99999 99999 99999 82 99999 99999 99999 99999 99999 99999 99999 99999
99999 99999 99999 99999 99999 99999 99999 99999 99999 99999 99999 99999 99999 99999 99999 99999 99999 99999 84 99999 99999 99999 99999 99999 99999 99999 99999 99999 99999 99999 99999 32 99999 99999 99999 99999 99999 99999 99999 99999 99999 99999 99999 99999 99999 99999 99999 99999 99999 99999 53 99999 99999 99999 99999 99999 99999 99999 99999 99999 41 99999 99999 99999 99999 99999 99999 99999 99999 99999 99999 99999 99999 99999 94 99999 28 99999 26 99999 99999 99999 99999 99999 99999 99999 99999 99999 23 99999 99999 99999 99999 99999 99999 99999 99999 99999 12 99999
99999 99999 99999 99999 99999 73 99999 99999 99999 99999 99999 99999 99999 99999 99999 99999 99999 99999 99999 99999 99999 99999 99999 99999 99999 99999 99999 99999 99999 99999 99999 99999 1 99999 99999 99999 99999 99999 99999 99999 99999 99999 99999 99999 99999 99999 99999 99999 99999 99999 99999 99999 99999 99999 99999 99999 19 99999 99999 99999 31 81 61 99999 99999 99999 99999 99999 99999 99999 99999 99999 99999 99999 99999 99999 99999 99999 99999 99999 99999 99999 99999 99999 99999 99999 99999 99999 99999 1 99999 99999 2 99999 99999 99999 99999 99999 99999 99999
99999 99999 99999 99999 99999 99999 93 99999 99999 99999 99999 99999 99999 99999 99999 99999 91 99999 99999 99999 99999 99999 99999 99999 99999 99999 99999 99999 99999 42 99999 99999 99999 99999 99999 99999 99999 99999 99999 99999 7 99999 99999 99999 95 99999 22 99999 99999 99999 99999 99999 99999 99999 99999 99999 99999 99999 99999 99999 99999 99999 99999 99999 99999 99999 99999 99999 99999 99999 99999 99999 63 99999 99999 99999 99999 99999 40 99999 99999 99999 99999 99999 99999 99999 89 95 99999 99999 78 11 99999 99999 99999 99999 99999 99999 99999 99999
79 99999 99999 99999 99999 37 99999 99999 99999 99999 99999 99999 99999 99999 99999 55 99999 99999 45 99999 99999 99999 99999 25 99999 99999 99999 99999 99999 99999 99999 24 99999 99999 99999 99999 99999 99999 99999 99999 99999 99999 99999 99999 99999 99999 99999 99999 99999 99999 99999 99999 99999 99999 99999 99999 99999 99999 99999 99999 99999 99999 99999 99999 99999 99999 99999 99999 99999 99999 99999 54 99999 99999 99999 99999 99999 99999 99999 99999 99999 99999 99999 99999 99999 99999 99999 99999 99999 99999 99999 61 99999 53 99999 99999 99999 99999 99999 99999
99999 3 99999 99999 99999 99999 99999 99999 99999 99999 99999 99999 99999 99999 99999 99999 99999 99999 99999 27 99999 99999 99999 37 45 99999 99999 99999 99999 99999 99999 99999 99999 99999 99999 99999 99999 99999 99999 99999 99999 99999 99999 99999 99999 99999 55 99999 99999 99999 99999 99999 99999 99999 99999 71 99999 99999 53 99999 99999 56 99999 99999 99999 99999 99999 99999 99999 29 99999 99999 99999 99999 99999 99999 99999 99999 99999 99999 99999 99999 99999 99999 99999 99999 99999 99999 99999 99999 99999 61 99999 99999 61 32 99999 99999 99999 99999
99999 99999 99999 99999 99999 99999 99999 99999 99999 99999 1 99999 99999 99999 99999 99999 99999 99999 99999 99999 99999 99999 99999 99999 99999 99999 99999 38 99999 99999 99999 99999 99999 99999 99999 99999 99999 99999 99999 99999 86 99999 99999 99999 99999 36 99999 99999 99999 99999 8 99999 99999 99999 99999 99999 99999 99999 99999 99999 99999 99999 99999 99999 99999 99999 99999 99999 99999 99999 97 99999 99999 99999 99999 99999 99999 99999 99999 99999 99999 99999 99999 99999 99999 99999 28 99999 99999 99999 99999 99999 99999 99999 99999 42 99999 99999 99999 99999
99999 99999 99999 33 99999 99999 99999 99999 99999 99999 99999 99999 99999 99999 99999 99999 99999 99999 7 99999 99999 99999 99999 99999 99999 99999 47 99999 99999 99999 99999 99999 80 99999 99999 49 99999 99999 99999 99999 99999 99999 99999 99999 34 99999 99999 99999 99999 99999 99999 99999 99999 99999 99999 99999 99999 99999 99999 99999 99999 99999 40 99999 99999 99999 99999 99999 99999 91 99999 46 99999 99999 99999 99999 31 99999 99999 99999 99999 99999 99999 99999 99999 99999 99999 99999 99999 99999 99999 99999 99999 99999 99999 99999 99999 99999 99999 99999
99999 99999 99999 99999 99999 99999 99999 99999 29 99999 99999 21 8 99999 99999 24 99999 99999 99999 33 99999 99999 99999 99999 99999 99999 99999 99999 99999 99999 99999 99999 99999 62 99999 99999 99999 99999 99999 93 99999 99999 81 99999 99999 99999 99999 41 99999 99999 99999 99999 28 99999 99999 99999 99999 99999 99999 99999 99999 19 99999 99999 99999 99999 99999 99999 99999 99999 99999 99999 99999 99999 99999 99999 99999 99999 99999 4 99999 99999 99999 13 99999 99999 99999 99999 3 99999 99999 99999 99999 99999 99999 99999 99999 99999 99999 99999
99999 99999 99999 99999 99999 99999 99999 99999 99999 99999 99999 99999 99999 99999 99999 99999 99999 99999 99999 4 99999 99999 99999 99999 99999 99999 99999 99999 99999 27 99999 99999 99999 99999 99999 53 43 99999 99999 99999 99999 99999 99999 34 99999 99999 99999 99999 99999 99999 7 99999 99999 99999 99999 99999 35 99999 99999 99999 99999 99999 99999 99999 99999 89 25 99999 99999 99999 99999 99999 99999 99999 99999 99999 99999 99999 99999 99999 99999 99999 99999 99999 99999 99999 99999 99999 99999 99999 99999 99999 99999 99999 99999 93 99999 99999 99999 99999
99999 55 99999 99999 99999 99999 99999 99999 99999 99999 99999 99999 99999 23 99999 95 99999 99999 99999 99999 99999 99999 99999 99999 99999 99999 99999 99999 99999 99999 99999 99999 99999 99999 99999 99999 99999 99999 99999 99999 99999 99999 99999 66 99999 81 99999 99999 99999 99999 99999 99999 99999 99999 99999 99999 99999 99999 99999 68 99999 13 99999 99999 99999 99999 41 99999 99999 99999 74 99999 99999 99999 99999 99999 99999 99999 99999 99999 99999 99999 99999 99999 99999 99999 99999 99999 99999 99999 99999 99999 99999 99999 99999 99999 99999 99999 99999 99999
99999 99999 99999 99999 88 99999 99999 99999 9 99999 99999 99999 91 83 43 3 99999 99999 99999 99999 29 99999 99999 99999 99999 99999 99999 99999 99999 99999 99999 99999 19 99999 99999 99999 99999 99999 99999 99999 99999 99999 99999 66 99999 99999 99999 99999 99999 99999 99999 99999 99999 99999 99999 99999 99999 99999 99999 99999 99999 99999 99999 99999 99999 85 99999 99999 99999 99999 99999 99999 99999 99999 99999 99999 99999 99999 26 99999 99999 99999 99999 99999 99999 99999 99999 99999 99999 99999 99999 99999 99999 99999 99999 99999 99999 99999 99999 99999
99999 99999 99999 99999 99999 99999 99999 99999 99999 99999 99999 99999 99999 99999 99999 99999 99999 99999 99999 99999 99999 99999 99999 99999 99999 99999 99999 99999 99999 99999 99999 99999 99999 99999 99999 99999 99999 99999 99999 99999 99999 99999 99999 99999 51 99999 99999 99999 99999 99999 99999 99999 43 99999 16 99999 99999 99999 99999 88 99999 99999 99999 99999 99999 72 99999 99999 99999 99999 99999 60 99999 99999 99999 99999 99999 68 99999 99999 99999 99999 99999 99999 99999 99999 99999 99999 99999 99999 90 99999 99999 99999 99999 99999 99999 76 99999 99999
99999 99999 99999 99999 99999 59 99999 99999 99999 99999 99999 99999 99999 99999 93 99999 99999 3 99999 99999 99999 99999 99999 99999 99999 99999 99999 99999 99999 99999 99999 99999 99999 99999 99999 12 99999 99999 99999 99999 13 99999 99999 42 99999 99999 99999 99999 99999 99999 99999 99999 99999 99999 99999 99999 99999 99999 99999 99999 99999 99999 99999 99999 99999 99999 99999 99999 99999 99999 13 99999 99 47 99999 99999 99999 99999 99999 99999 99999 99999 99999 99999 99999 99999 99999 99999 99999 99999 99999 99999 99999 99999 99999 99999 99999 99999 99999 99999
99999 99999 99999 99999 99999 99999 99999 99999 99999 99999 59 79 99999 19 99999 99999 99999 99999 99999 99999 99999 99999 99999 99999 99999 99999 99999 99999 99999 99999 2 99999 6 99999 34 99999 99999 99999 94 99999 99999 99999 99999 99999 99999 99999 99999 99999 99999 99999 99999 95 99999 46 99999 99999 99999 82 99999 43 99999 99999 99999 99999 99999 99999 99999 99999 99999 99999 50 99999 99999 99999 34 1 99999 99999 41 99999 99999 92 99999 99999 99999 99999 99999 99999 99999 49 31 99999 99999 99999 99999 99999 99999 99999 99999 97
43 99999 99999 99999 99999 99999 99999 99999 99999 99999 99999 99999 99999 99999 99999 99999 99999 99999 99999 99999 99999 99999 99999 80 99999 99999 99999 99999 99999 99999 99999 99999 99999 42 99999 99999 99999 99999 99999 99999 99999 99999 99999 99999 99999 99999 99999 99999 50 99999 99999 99999 99999 99999 99999 99999 99999 99999 99999 99999 99999 99999 99999 99999 99999 99999 99999 99999 99999 99999 99999 99999 99999 99999 99999 42 99999 99999 99999 99999 99999 99999 99999 99999 99999 99999 99999 55 99999 99999 99999 99999 99999 99999 99999 99999 99999 99999 99999 99999
99999 99999 99999 99999 99999 99999 99999 99999 31 99999 99999 99999 23 99999 99999 99999 71 99999 99999 99999 99999 99999 38 99999 62 99999 99999 99999 99999 99999 99999 99999 99999 99999 99999 99999 99999 99999 99999 99999 99999 99999 99999 99999 99999 99999 99999 99999 99999 99999 99999 99999 96 91 99999 99999 99999 99999 99999 99999 99999 99999 99999 99999 31 99999 33 99999 45 98 99999 99999 15 99999 99999 99999 99999 63 99999 99999 99999 99999 99999 99999 26 99999 99999 99999 99999 99999 99999 99999 99999 91 99999 99999 99999 99999 99999 99999
99999 99999 99999 99999 99999 99999 99999 99999 99999 99999 99999 99999 99999 23 99999 99999 99999 78 70 99999 99999 99999 99999 99999 99999 99999 99999 99999 99999 99999 99999 99999 99999 99999 99999 99999 99999 99999 99999 99999 99999 99999 99999 99999 99999 99999 99999 99999 99999 99999 99999 99999 99999 68 99999 99999 99999 99999 99999 99999 99999 99999 99999 99999 99999 90 99999 99999 99999 99999 57 99999 99999 99999 99999 99999 99999 99999 99999 99999 18 99999 99999 99999 2 99999 99999 99999 99999 99999 99999 99999 99999 99999 58 99999 99999 99999 20 99999
24 99999 99999 99999 99999 99999 99999 99999 99999 99999 99999 16 99999 99999 99999 3 99999 99999 58 99999 99999 99999 99999 99999 99999 99999 99999 99999 99999 99999 99999 99999 99999 99999 99999 96 99999 99999 99999 99999 99999 8 99999 99999 99999 99999 99999 99999 99999 99999 99999 99999 99999 99999 99999 68 99999 99999 99999 99999 99999 99999 99999 99999 99999 99999 99999 99999 99999 99999 99999 99999 99999 99999 99999 99999 99999 99999 99999 99999 99999 99999 99999 99999 99999 99999 99999 93 99999 99999 99999 92 20 99999 99999 99999 99999 99999 99999 99999
99999 99999 99999 99999 99999 99999 99999 99999 99999 99999 99999 99999 99999 56 99999 99999 99999 99999 99999 33 99999 99999 99999 37 99999 86 99999 99999 99999 99999 99999 99999 99999 99999 99999 99999 99999 99999 99999 99999 99999 99999 99999 99999 99999 22 99999 99999 99999 99999 99999 65 99999 99999 77 99999 34 99999 99999 99999 99999 99999 99999 99999 99999 99999 99999 99999 99999 99999 99999 99999 99999 99999 99999 99999 99999 99999 99999 85 99999 99999 99999 99999 99999 99999 99999 99999 23 80 99999 99999 99999 99999 99999 99999 99999 99999 99999 99999
99999 99999 87 99999 99999 99999 99999 99999 16 99999 99999 99999 99999 99999 99999 99999 99999 99999 77 99999 99999 99999 99999 99999 99999 99999 99999 99999 99999 99999 99999 99999 99999 99999 99999 99999 99999 99999 99999 99999 99999 99999 99999 99999 99999 99999 99999 74 99999 99999 99999 99999 99999 99999 99999 9 99999 99999 99999 99999 99999 4 99999 99999 99999 99999 99999 99999 20 30 51 99999 99999 99999 99999 1 99999 99999 99999 99999 99999 99999 99999 61 99999 99999 99999 99999 40 99999 99999 99999 99999 58 99999 99999 99999 99999 99999 99999
99999 99999 99999 99999 59 99999 99999 99999 99999 99999 99999 99999 99999 99999 99999 99999 99999 99999 99999 99999 99999 71 86 46 99999 99999 99999 99999 99999 99999 99999 99999 99999 99999 99999 99999 99999 99999 99999 99999 99999 99999 99999 99999 99999 99999 16 99999 99999 99999 99999 99999 99999 99999 99999 99999 99999 99999 99999 99999 99999 99999 99999 99999 99999 99999 44 99999 8 99999 19 99999 99999 99999 99999 99999 99999 99999 99999 27 99999 99999 99999 99999 99999 99999 99999 99999 99999 99999 99999 99999 99999 99999 99999 99999 99999 99999 99999 99999
99999 99999 99999 99999 99999 99999 99999 99999 99999 99999 99999 99999 99999 99999 99999 99999 99999 99999 99999 99999 99999 4 99999 99999 99999 99999 99999 99999 99999 99999 99999 82 99999 20 99999 99999 99999 99999 99999 99999 99999 99999 14 99999 99999 99999 99999 99999 99999 97 99999 99999 99999 99999 99999 25 99999 26 99999 99999 99999 99999 71 99999 99999 99999 99999 99999 88 99999 99999 99999 99999 99999 99999 99999 99999 99999 99999 99999 99999 99999 99999 99999 67 99999 99999 99999 99999 99999 99999 99999 99999 81 99999 99999 99999 99999 99999 99999
99999 99999 99999 99999 99999 99999 99999 99999 99999 99999 99999 99999 99999 99999 96 99999 99999 99999 99999 99999 99999 99999 99999 99999 99999 99999 99999 99999 99999 99999 99999 99999 99999 99999 90 99999 99999 99999 99999 99999 62 99999 99999 99999 99999 99999 99999 99999 99999 99999 99999 99999 99999 99999 99999 99999 99999 99999 99999 99999 99999 99999 99999 99999 99999 99999 99999 99999 51 99999 99999 99999 99999 99999 99999 99999 99999 99999 99999 99999 99999 99999 9 99999 99999 99999 99999 99999 99999 99999 99999 66 99999 99999 99999 99999 99999 99999 99999 99999
99999 99999 99999 50 99999 99999 99999 99999 99999 74 99999 99999 99999 99999 63 99999 99999 99999 99999 99999 99999 99999 99999 99999 99999 99999 99999 99999 99999 99999 99999 99999 99999 99999 99999 99999 99999 49 99999 99999 30 99999 99999 99999 99999 99999 99999 99999 99999 99999 99999 99999 99999 99999 99999 99999 99999 99999 99999 99999 99999 99999 99999 99999 99999 99999 99999 99999 99999 99999 40 99999 99999 99999 99999 99999 29 99999 50 99999 99999 99999 99999 82 99 99999 99999 99999 99999 99999 1 33 99999 99999 99999 99999 99999 99999 99999 99999
99999 99999 99999 70 99999 99999 99999 99999 99999 99999 99999 99999 99999 99999 99999 99999 99999 99999 99999 99999 19 99999 99999 99999 99999 99999 99999 22 99999 99999 99999 67 99999 99999 99999 99999 99999 99999 99999 99999 99999 99999 99999 99999 99999 99999 99999 99999 99999 99999 99999 99999 99999 99999 99 99999 99999 99999 99999 99999 99999 99999 99999 34 99999 99999 99999 99999 99999 95 99999 99999 99999 99999 99999 99999 99999 99999 99999 99999 99999 99999 99999 34 99999 99999 99999 99999 99999 99999 99999 99999 99999 99999 89 99999 99999 99999 99999 99999
99999 99999 99999 99999 99999 99999 99999 99999 99999 99999 99999 99999 99999 99999 99999 92 99999 98 14 21 99999 99999 88 99999 99999 99999 99999 99999 52 99999 52 99999 99999 99999 99999 99999 99999 65 99999 99999 99999 99999 99999 99999 99999 99999 99999 99999 99999 99999 99999 99999 99999 99999 99999 99999 99999 99999 99999 99999 99999 90 99999 99999 99999 99999 99999 99999 99999 33 99999 45 99999 99999 99999 99999 99999 99999 99999 11 99999 99999 99999 99999 99999 99999 99999 99999 99999 99999 99999 99999 99999 99999 99999 99999 99999 25 19 99999
99999 99999 99999 99999 99999 99999 99999 99999 99999 99999 99999 99999 99999 99999 1 99999 99999 99999 99999 99999 99999 99999 99999 99999 99999 99999 99999 99999 99999 99999 99999 99999 99999 99999 99999 99999 99999 99999 94 99999 99999 99999 99999 73 99999 99999 99999 40 99999 99999 40 99999 99999 99999 99999 37 62 99999 99999 99999 99999 99999 99999 99999 99999 99999 99999 99999 99999 65 99999 99999 99999 99999 99999 99999 99999 99999 79 99999 46 99999 99999 99999 99999 54 99999 99999 99999 99999 99999 99999 99999 59 99999 99999 99999 2 99999 53
99999 48 99999 99999 99999 99999 99999 99999 79 99999 99999 99999 99999 99999 99999 99999 99999 99999 99999 99999 99999 99999 99999 99999 99999 99999 99999 99999 99999 99999 99999 99999 99999 99999 99999 99999 99999 99999 99999 99999 99999 99999 99999 99999 99999 99999 99999 69 99999 99999 99999 1 99999 18 99999 99999 99999 99999 99999 99999 99999 99999 99999 99999 99999 99999 99999 99999 99999 7 99999 99999 95 99999 99999 99999 91 99999 99999 99999 99999 99999 99999 99999 99999 99999 99999 99999 80 99999 99999 99999 99999 99999 99999 99999 76 99999 99999 99999
99999 99999 99999 99999 99999 99999 99999 99999 99999 99999 99999 99999 39 99999 99999 99999 99999 99999 99999 99999 99999 99999 99999 51 99999 99999 99999 52 99999 99999 99999 99999 99999 99999 99999 99999 76 99999 99999 99999 99999 99999 99999 99999 99999 99999 99999 99999 99999 99999 99999 99999 99999 92 99999 99999 99999 99999 99999 99999 99999 99999 29 99999 99999 99999 99999 99999 99999 99999 9 99999 99999 99999 99999 99999 99999 99999 99999 99999 99999 99999 99999 99999 99999 99999 99999 99999 99999 99999 99 99999 99999 99999 99999 99999 99999 99999 99999 99999
99999 85 99999 99999 99999 99999 99999 99999 99999 99999 99999 99999 99999 27 99999 99999 99999 48 99999 99999 99999 99999 99999 12 99999 99999 99999 99999 99999 99999 11 99999 99999 99999 99999 99999 99999 99999 99999 99999 99999 99999 99999 99999 99999 99999 99999 99999 99999 99999 99999 70 99999 99999 99999 99999 99999 20 99999 99999 99999 99999 99999 99999 99999 99999 99999 99999 99999 99999 99999 99999 8 99999 99999 99999 99999 86 99999 99999 99999 43 99999 99999 99999 99999 99999 99999 99999 99999 99999 99999 42 99999 99999 99999 99999 99999 99999 99999
99999 99999 99999 99999 99999 99999 99999 99999 99999 99999 99999 99999 99999 99999 6 99999 99999 80 99999 99999 99999 99999 99999 99999 99999 99999 99999 99999 99999 99999 99999 99999 99999 99999 99999 99999 62 99999 99999 99999 99999 77 99999 99999 99999 99999 99999 99999 99999 99999 99999 45 99999 99999 99999 99999 99999 99999 99999 99999 99999 99999 99999 99999 77 99999 99999 99999 79 99999 99999 99999 99999 99999 99999 99999 99999 84 99999 99999 99999 99999 99999 99999 99999 23 99999 99999 99999 99999 99999 99999 99999 99999 99999 99999 99999 99999 99999 99999
99999 99999 99999 99999 99999 99999 99999 99999 99999 99999 99999 99999 99999 99999 99999 99999 99999 99999 99999 99999 99999 99999 99999 99999 5 99999 99999 63 99999 99999 99999 99999 99999 99999 99999 99999 99999 99999 99999 99999 85 99999 99999 99999 99999 99999 99999 99999 99999 99999 99999 99999 99999 17 25 91 99999 99999 99999 99999 99999 99999 99999 99999 99999 99999 99999 99999 99999 99999 99999 99999 99999 99999 99999 99999 99999 96 99999 99999 99999 99999 99999 99999 99999 99999 99999 99999 99999 99999 99999 99999 99999 99999 99999 99999 99999 99999 99999 99999
99999 99999 38 99999 99999 99999 99999 99999 99999 99999 99999 99999 99999 63 99999 99999 99999 99999 99999 99999 88 99999 99999 99999 99999 99999 99999 99999 99999 99999 99999 50 99999 99999 99999 99999 87 99999 46 99999 99999 99999 99999 99999 98 99999 80 99999 99999 99999 99999 99999 99999 99999 99999 99999 99999 99999 99999 99999 99999 99999 99999 99999 53 65 99999 99999 99999 99999 33 99999 99999 21 99999 99999 99999 99999 99999 99999 99999 99999 43 99999 99999 99999 99999 99999 99999 99999 99999 99999 99999 99999 93 99999 99999 99999 99999 99999
99999 99999 61 99999 99999 99999 99999 99999 99999 99999 99999 99999 99999 99999 99999 99999 99999 99999 99999 99999 99999 99999 99999 11 99999 99999 99999 99999 99999 99999 99999 99999 99999 99999 99999 99999 99999 99999 44 52 26 99999 99999 96 99999 57 99999 99999 65 93 60 99999 99999 99999 99999 99999 99999 99999 99999 99999 99999 99999 99999 99999 99999 99999 99999 99999 99999 99999 99999 99999 99999 99999 99999 99999 99999 99999 99999 99999 81 99999 99999 99999 99999 99999 99999 99999 99999 99999 99999 99999 99999 99999 99999 99999 99999 99999 99999 17
99999 99999 99999 99999 99999 99999 99999 99999 99999 99999 99999 50 79 99999 69 99999 99999 99999 99999 2 99999 99999 99999 99999 99999 99999 99999 99999 99999 99999 99999 99999 99999 99999 99999 14 99999 99999 99999 63 99999 99999 99999 99999 99999 99999 99999 99999 35 99999 99999 99999 99999 99999 99999 99999 99999 99999 99999 99999 99999 56 38 99999 99999 99999 99999 99999 99999 99999 99999 99999 99999 5 98 99999 99999 99999 99999 33 99999 99999 99999 99999 99999 99999 99999 99999 99999 99999 99999 99999 99999 99999 59 99999 99999 99999 99999 99999
99999 99999 30 99999 99999 99999 99999 99999 99999 99999 99999 99999 99999 99999 99999 99999 99999 99999 99999 99999 99999 99999 99999 8 99999 99999 99999 99999 99999 99999 99999 99999 99999 99999 99999 99999 99999 99999 39 99999 99999 99999 99999 8 99999 99999 99999 99999 99999 99999 99999 28 99999 99999 99999 99999 99999 65 99999 99999 99999 99999 99999 99999 99999 99999 99999 99999 99999 99999 99999 99999 99999 99999 94 99999 99999 99999 99999 99999 99999 99999 75 99999 99999 99999 99999 57 99999 99999 99999 99999 99999 99999 99999 99999 99999 99999 99999 99999
99999 99999 99999 93 99999 99999 99999 99999 99999 99999 99999 99999 99999 99999 99999 99999 19 99999 9 99999 11 99999 17 99999 25 99999 99999 99999 99999 99999 99999 8 99999 99999 99999 99999 99999 99999 99999 99999 42 99999 99999 99999 99999 99999 99999 99999 99999 99999 26 99999 99999 99999 99999 99999 99999 99999 99999 99999 99999 99999 99999 99999 99999 99999 99999 99999 99999 99999 99999 99999 17 99999 99999 99999 99999 76 99999 99999 99999 99999 99999 99999 99999 99999 99999 99999 99999 99999 99999 99999 99999 99999 99999 99999 99999 99999 99999 99999
99999 99999 99999 99999 99999 98 99999 99999 99999 99999 99999 99999 99999 95 99999 99999 62 99999 99999 99999 99999 99999 99999 99999 99999 99999 99999 99999 99999 99999 99999 99999 99999 99999 99999 99999 99999 99999 99999 76 99999 99999 99999 99999 99999 99999 99999 99999 99999 99999 99999 99999 99999 99999 99999 28 99999 99999 10 99999 13 88 99999 99999 99999 99999 99999 99999 99999 99999 99999 99999 9 99999 99999 99999 99999 99999 99999 99999 99999 33 99999 99999 99999 10 99999 99999 99999 99999 99999 99999 99999 99999 99999 99999 99999 99999 99999 99999
99999 99999 99999 99999 99999 99999 99999 99999 99999 99999 99999 99999 99999 99999 99999 79 99999 99999 99999 99999 99999 99999 99999 99999 99999 99999 99999 75 99999 99999 99999 99999 99999 99999 99999 99999 99999 99999 99999 99999 99999 99999 68 99999 99999 99999 99999 99999 99999 99999 99999 99999 99999 99999 99999 99999 99999 99999 99999 99999 99999 99999 99999 99999 99999 99999 99999 99999 99999 99999 61 99999 99999 99999 99999 99999 99999 29 99999 99999 99999 99999 31 99999 99999 99999 98 99999 99999 99999 76 99999 99999 99999 8 65 99999 99999 99999 99999
99999 99999 99999 99999 99999 99999 92 99999 99999 99999 29 99999 99999 99999 99999 99999 99999 99999 99999 99999 99999 99999 99999 99999 26 33 99999 99999 99999 99999 9 99999 99999 19 88 99999 99999 99999 99999 99999 99999 99999 99999 99999 99999 55 99999 99999 25 99999 99999 99999 99999 99999 99999 99999 99999 99999 99999 99999 99999 99999 99999 99999 99999 99999 99999 99999 99999 99999 99999 99999 99999 99999 99999 99999 99999 99999 99999 99999 99999 4 99999 99999 99999 99999 99999 99999 99999 99999 99999 99999 99999 99999 99999 95 75 99999 68 99999
99999 99999 99999 99999 99999 99999 99999 99999 99999 99999 99999 99999 99999 99999 99999 99999 99999 99999 99999 99999 99999 99999 99999 99999 64 99999 99999 99999 99999 99999 49 99999 99999 99999 99999 86 99999 99999 99999 99999 99999 99999 99999 99999 99999 99999 99999 99999 99999 99999 99999 99999 62 99999 99999 99999 99999 99999 99999 99999 59 99999 99999 99999 99999 99999 99999 99999 99999 99999 99999 99999 99999 99999 99999 99999 99999 99999 99999 28 99999 99999 99999 99999 99999 99999 99999 99999 81 99999 99999 78 2 6 99999 99999 99999 99999 77 99999
99999 99999 99999 99999 99999 99999 99999 99999 99999 99999 99999 99999 99999 99999 99999 99999 99999 99999 99999 99999 99999 71 99999 99999 99999 37 99999 99999 99999 99999 21 99999 99999 77 99999 99999 99999 99999 99999 99999 99999 99999 99999 99999 99999 99999 99999 99999 99999 99999 99999 99999 99999 99999 99999 99999 99999 63 99999 99999 99999 99999 99999 99999 99999 99999 99999 99999 99999 99999 99999 99999 99999 99999 99999 99999 99999 99999 41 99999 99999 99999 99999 4 99999 99999 99999 99999 99999 99999 99999 99999 99999 99999 99999 99999 99999 99999 99999 99999
99999 99999 99999 99999 99999 59 99999 99999 99999 99999 52 99999 99999 99999 99999 36 99999 99999 62 99999 99999 99999 99999 99999 99999 99999 99999 99999 99999 99999 99999 55 99999 99999 99999 99999 21 99999 56 99999 99999 99999 99999 99999 99999 65 99999 99999 99999 99999 99999 99999 99999 99999 99999 99999 99999 99999 99999 99999 99999 99999 99999 99999 99999 99999 99999 99999 99999 99999 71 99999 72 99999 99999 99999 99999 99999 99999 99999 99999 99999 99999 99999 99999 99999 9 99999 37 99999 99999 99999 99999 99999 99999 99999 30 99999 99999 99999
99999 99999 99999 99999 99999 99999 99999 99999 99999 99999 99999 99999 99999 99999 99999 99999 99999 99999 99999 99999 99999 99999 99999 99999 99999 99999 99999 99999 99999 99999 99999 99999 75 99999 99999 99999 99999 99999 99999 99999 99999 99999 28 99999 99999 99999 99999 99999 99999 99999 99999 99999 99999 99999 99999 99999 99999 99999 99999 99999 99999 99999 99999 99999 99999 99999 99999 99999 99999 99999 99999 99999 99999 99999 99999 99999 99999 99999 99999 99999 99999 99999 99999 99999 99999 99999 99999 99999 99999 99999 99999 99999 99999 72 99999 6 99999 10 99999 99999
99999 99999 99999 99999 99999 99999 24 99999 99999 99999 99999 99999 50 99999 99999 99999 99999 61 99999 83 99999 99999 65 99999 99999 99999 99999 99999 99999 9 99999 99999 99999 99999 99999 99999 99999 21 99999 99999 99999 99999 99999 99999 99999 52 99999 99999 99999 99999 99999 99999 99999 99999 99999 99999 99999 99999 99999 99999 99999 99999 99 99999 99999 99999 99999 99999 99999 99999 99999 30 99999 99999 99999 99999 99999 99999 57 99999 99999 99999 99999 99999 99999 99999 99999 99999 99999 99999 99999 99999 99999 99999 99999 99999 99999 99999 26 99999
99999 99999 99999 99999 99999 99999 99999 99999 99999 99999 99999 21 99999 99999 99999 99999 99999 99999 99999 99999 99999 99999 99999 99999 99999 99999 99999 99999 99999 99999 99999 99999 47 99999 99999 99999 99999 99999 27 99999 99999 51 99999 99999 99999 99999 99999 99999 99999 9 99999 99999 99999 99999 99999 99999 99999 12 99999 99999 99999 99999 99999 99999 99999 99999 99999 99999 99999 80 99999 99999 99999 99999 99999 99999 99999 99999 99999 99999 99999 99999 99999 99999 99999 99999 99999 99999 99999 99999 99999 99999 99999 99999 99999 7 56 99999 98 99999
99999 99999 56 99999 99999 99999 99999 99999 99999 99999 99999 99999 99999 99999 99999 99999 99999 99999 58 99999 63 99999 99999 99999 28 99999 99999 99999 99999 99999 99999 17 99999 99999 99999 99999 99999 99999 99999 99999 99999 50 99999 99999 99999 99999 99999 99999 99999 99999 99999 99999 99999 99999 99999 99999 99999 99999 99999 99999 99999 99999 99999 99999 99999 99999 99999 99999 99999 99999 99999 99999 99999 99999 99999 99999 99999 99999 49 66 99999 99999 99999 99999 99999 82 52 99999 99999 99999 99999 99999 99999 74 99999 24 99999 99999 99999 99999
99999 99999 99999 99999 99999 99999 99999 99999 99999 99999 99999 99999 99999 91 99999 99999 75 99999 99999 99999 99999 99999 99999 99999 99999 99999 99999 99999 99999 99999 99999 99999 99999 34 99999 99999 99999 99999 99999 99999 99999 99999 99999 99999 99999 99999 99999 99999 99999 99999 99999 99999 99999 99999 99999 99999 99999 99999 99999 99999 99999 99999 99999 99999 99999 99999 99999 99999 73 99999 99999 99999 99999 99999 99999 99999 99999 99999 99999 24 99999 99999 80 99999 99999 99999 99999 99999 99999 99999 99999 99999 99999 99999 99999 99999 99999 99999 99999 99999
99999 99999 99999 99999 99999 99999 99999 99999 99999 47 99999 99999 99999 99999 99999 99999 99999 99999 99999 18 37 99999 40 99999 99999 99999 99999 96 99999 99999 99999 99999 99999 99999 99999 99999 99999 99999 99999 27 99999 99999 99999 99999 99999 99999 99999 99999 99999 56 99999 99999 99999 99999 99999 99999 99999 99999 99999 99999 99999 99999 99999 99999 99999 99999 99999 99999 99999 99999 99999 26 99999 99999 99999 99999 99999 99999 99999 32 99999 99999 99999 99999 99999 99999 99999 99999 99999 99999 99999 99999 99999 99999 99999 99999 99999 99999 99999 99999
15 99999 99999 99999 99999 99999 99999 99999 99999 99999 99999 99999 99999 99999 99999 99999 13 99999 99999 99999 99999 99999 99999 99999 99999 85 99999 99999 99999 70 99999 99999 93 99999 67 99999 99999 48 99999 99999 99999 99999 99999 61 99999 99999 99999 99999 99999 99999 99999 99999 32 99999 57 99999 99999 99999 99999 99999 99999 99999 99999 36 99999 99999 99999 99999 99999 99999 99999 99999 99999 99999 1 99999 99999 99999 99999 99999 14 99999 46 99999 99999 99999 99999 99999 99999 99999 99999 99999 99999 99999 99999 99999 99999 99999 99999 99999
99999 99999 99999 99999 99999 99999 99999 99999 99999 96 99999 99999 99999 99999 99999 99999 99999 99999 99999 99999 99999 99999 86 99999 99999 99999 22 99999 99999 99999 99999 99999 99999 99999 99999 99999 99999 99999 99999 99999 99999 99999 99999 99999 99999 99999 99999 99999 99999 99999 99999 99999 99999 99999 99999 99999 99999 99999 99999 99999 87 99999 99999 99999 99999 99999 99999 99999 99999 65 99999 99999 99999 99999 99999 99999 99999 99999 25 99999 99999 85 99999 99999 99999 99999 99999 99999 99999 99999 79 99999 99999 99999 99999 99999 99999 99999 99999 99999
99999 99999 99999 99999 12 99999 99999 99999 99999 39 99999 71 99999 29 99999 96 72 99999 99999 88 99999 99999 99999 81 99999 99999 99999 99999 99999 99999 99999 99999 99999 99999 99999 99999 99999 99999 99999 99999 99999 99999 99999 99999 99999 99999 31 99999 8 99999 99999 99999 99999 99999 99999 99999 99999 99999 99999 99999 99999 99999 1 99999 99999 99999 99999 99999 99999 99999 99999 99999 99999 99999 99999 99999 99999 99999 99999 99999 99999 99999 99999 18 99999 99999 99999 99999 99999 99999 75 99999 99999 99999 26 45 99999 99999 99999 99999
99999 53 99999 99999 99999 99999 99999 46 99999 83 99999 99999 99999 99999 99999 99999 99999 99999 99999 99999 99999 99999 99999 99999 99999 91 99999 99999 10 99999 99999 99999 99999 14 99999 99999 99999 35 99999 99999 99999 99999 99999 99999 52 82 99999 99999 96 77 99999 99999 9 99999 84 99999 99999 99999 99999 99999 99999 99999 99999 99999 99999 99999 99999 99999 8 99999 99999 99999 99999 15 99999 99999 99999 99999 99999 65 99999 99999 99999 99999 81 99999 99999 99999 73 99999 99999 37 99999 99999 99999 99999 54 99999 99999 99999
40 99999 99999 99999 99999 99999 99999 99999 99999 99999 99999 99999 99999 98 99999 99999 99999 99999 99999 99999 99999 35 99999 99999 99999 99999 99999 99999 99999 99999 79 99999 99999 99999 99999 66 99999 99999 99999 99999 99999 85 99999 99999 45 99999 99999 99999 99999 99999 99999 99999 99999 99999 99999 30 99999 99999 99999 99999 76 99999 99999 99999 99999 99999 99999 99999 99999 99999 99999 99999 63 99999 28 99999 99999 99999 99999 99999 71 99999 99999 99999 99999 99999 99999 99999 99999 99999 99999 99999 99999 99999 99999 99999 99999 99999 99999 99999
53 99999 99999 99999 99999 80 99999 99999 99999 44 99999 34 99999 99999 99999 99999 99999 99999 99999 99999 99999 99999 99999 99999 67 99999 99999 99999 99999 99999 99999 99999 99999 99999 99999 99999 99999 13 99999 99999 99999 91 99999 99999 99999 99999 99999 99999 99999 99999 99999 99999 58 99999 99999 2 99999 53 99999 22 99999 99999 37 99999 99999 99999 99999 99999 99999 99999 99999 99999 99999 99999 99999 99999 99999 20 64 99999 99999 99999 99999 99999 99999 99999 99999 99999 99999 99999 99999 99999 99999 99999 99999 99999 99999 3 99999 99999
99999 99999 99999 99999 99999 99999 99999 99999 99999 99999 99999 99999 99999 99999 39 99999 22 99999 99999 99999 99999 99999 20 99999 99999 99999 99999 99999 99999 99999 30 99999 99999 99999 99999 10 99999 99999 99999 99999 99999 99999 99999 99 99999 99999 99999 99999 99999 99999 99999 42 99999 99999 99999 99999 99999 99999 99999 99999 99999 99999 66 99999 99999 99999 99999 95 99999 99999 99999 99999 99999 99999 99999 99999 99999 99999 99999 99999 99999 99999 99999 99999 93 99999 99999 99999 99999 99999 99999 99999 99999 99999 99999 46 99999 99999 99999 99999
99999 99999 99999 99999 99999 99999 99999 99999 99999 69 99999 99999 99999 99999 99999 99999 99999 99999 99999 99999 99999 99999 99999 99999 40 99999 99999 99999 99999 99999 99999 99999 99999 99999 99999 99999 99999 99999 99999 12 99999 99999 99999 99999 99999 99999 99999 99999 99999 99999 99999 99999 99999 99999 48 68 99999 99999 99999 99999 99999 99999 99999 99999 99999 99999 99999 99999 99999 99999 99999 99999 99999 99999 99999 99999 99999 99999 99999 99999 94 99999 99999 99999 99999 99999 99999 99999 99999 99999 99999 99999 99999 99999 99999 99999 99999 99999 99999 99999
99999 99999 99999 99999 99999 99999 99999 99999 99999 43 99999 99999 99999 99999 99999 99999 99999 99999 99999 99999 51 99999 99999 99999 99999 99999 99999 99999 99999 99999 99999 99999 99999 99999 99999 99999 99999 99999 99999 97 99999 99999 99999 99999 99999 99999 99999 99999 99999 99999 99999 99999 99999 99999 99999 99999 99999 99999 99999 5 23 99999 99999 99999 99999 99999 99999 99999 78 99999 99999 99999 99999 99999 99999 99999 99999 99999 99999 99999 99999 99999 99999 99999 99999 99999 99999 99999 99999 99999 46 99999 99999 99999 99999 99999 99999 99999 99999 99999
99999 99999 99999 26 99999 99999 99999 99999 99999 99999 99999 99999 99999 99999 99999 99999 47 99999 99999 99999 99999 99999 99999 99999 99999 99999 13 99999 99999 99999 99999 99999 99999 99999 99999 88 99999 99999 99999 99999 99999 99999 99999 99999 99999 99999 99999 99999 44 94 99999 58 99999 99999 99999 99999 99999 26 99999 99999 99999 99999 99999 99999 99999 99999 99999 64 99999 38 99999 99999 18 99999 99999 99999 99999 99999 38 99999 99999 99999 99999 99999 99999 99999 99999 99999 99999 99999 99999 99999 99999 99999 99999 99999 99999 99999 99999 99999
99999 81 99999 99999 99999 25 99999 99999 73 99999 99999 99999 99999 99999 99999 99999 99999 99999 99999 99999 99999 99999 99999 99999 13 99999 99999 99999 99999 99999 99999 16 99999 13 99999 99999 99999 99999 99999 99999 99999 99999 99999 99999 99999 99999 99999 16 51 99999 99999 99999 99999 99999 99999 99999 99999 99999 21 99999 99999 99999 99999 99999 99999 99999 99999 99999 99999 99999 99999 99999 99999 99999 99999 99999 99999 99999 58 99999 99999 99999 99999 68 99999 99999 99999 99999 99999 99999 40 99999 99999 99999 99999 99999 86 90 19 99999
99999 99999 99999 99999 99999 99999 99999 99999 99999 99999 5 99999 99999 99999 99999 99999 99999 99999 99999 99999 71 99999 99999 99999 99999 88 99999 16 99999 99999 99999 99999 89 99999 99999 99999 99999 99999 99999 99999 99999 99999 99999 99999 99999 45 99999 99999 99999 99999 99999 99999 99999 99999 99999 99999 99999 90 99999 99999 99999 99999 47 99999 99999 99999 99999 68 99999 99999 99999 37 99999 99999 99999 99999 99999 99999 99999 99999 99999 99999 99999 99999 99999 99999 99999 99999 99999 99999 99999 99999 99999 99999 99999 99999 99999 99999 99999 99999
99999 99999 99999 99999 99999 99999 99999 99999 61 99999 99999 99999 99999 99999 22 99999 99999 99999 99999 99999 99999 99999 99999 99999 99999 99999 99999 99999 99999 99999 20 99999 99999 99999 99999 99999 99999 99999 99999 99999 99999 99999 99999 99999 99999 99999 99999 99999 99999 76 99999 99999 99999 99999 99999 99999 99999 99999 99999 99999 99999 99999 99999 99999 99999 99999 99999 99999 99999 99999 99999 99999 99999 99999 99999 99999 99999 29 99999 99999 99999 99999 99999 99999 99999 99999 99999 99999 99999 9 36 99999 99999 99999 99999 99999 99999 99999 99999 75
99999 99999 99999 99999 99999 97 42 99999 99999 99999 99999 99999 99999 99999 99999 99999 99999 99999 99999 99999 99999 99999 99999 99999 99999 99999 99999 99999 99999 99999 99999 99999 99999 99999 99999 99999 99999 99999 99999 99999 99999 99999 99999 99999 99999 99999 99999 99999 99999 99999 99999 99999 99999 36 99999 99999 99999 99999 99999 99999 99999 99999 99999 99999 99999 99999 11 99999 99999 99999 99999 99999 99999 99999 99999 99999 99999 99999 99999 67 99999 5 99999 99999 99999 99999 99999 99999 99999 88 99999 99999 99999 99999 99999 15 99999 99999 99999 99999
99999 99999 99999 99999 58 4 99999 99999 99999 99999 99999 99999 99999 99999 99999 99999 99999 99999 14 99999 99999 99999 99999 99999 74 99999 99999 99999 99999 99999 99999 99999 99999 99999 99999 99999 99999 99999 99999 99999 99999 99999 99999 99999 99999 99999 99999 99999 99999 99999 99999 99999 36 99999 99999 99999 70 28 99999 99999 99999 99999 99999 99999 99999 99999 99999 99999 99999 99999 99999 99999 99999 99999 99999 99999 99999 66 99999 99999 99999 99999 99999 99999 99999 99999 99999 99999 99999 99999 99999 99999 99999 99999 99999 99999 99999 50 99999 99999
99999 99999 99999 99999 99999 99999 99999 99999 99999 99999 25 99999 99999 99999 99999 99999 99999 31 99999 99999 99999 99999 99999 85 83 99999 99999 59 99999 99999 99999 99999 99999 99999 99999 99999 99999 99999 99999 25 99999 99999 99999 97 99999 99999 99999 99999 99999 99999 99999 99999 99999 99999 99999 99999 45 99999 99999 99999 99999 99999 99999 99999 99999 99999 99999 17 99999 99999 99999 99999 99999 99999 99999 99999 99999 99999 99999 99999 64 99999 99999 99999 99999 99999 99999 99999 99999 99999 99999 99999 99999 99999 99999 94 99999 99999 99999 99999
99999 99999 73 92 99999 99999 99999 99999 99999 99999 99999 99999 99999 99999 99999 99999 99999 99999 99999 99999 99999 99999 99999 99999 99999 99999 99999 72 99999 99999 99999 99999 99999 99999 99999 99999 99999 99999 99999 99999 99999 99999 99999 99999 99999 99999 99999 99999 99999 99999 99999 99999 99999 39 99999 99999 99999 29 99999 41 99999 99999 99999 99999 99999 99999 99999 58 99999 99999 99999 99999 60 2 99999 99999 99999 96 99999 99999 90 99999 99999 99999 99999 55 99999 99999 99999 99999 99999 99999 99999 99999 99999 99999 99999 99999 99999 99999
31 99999 99999 99999 99999 99999 99999 81 99999 99999 99999 99999 99999 99999 99999 99999 99999 99999 99999 99999 99999 99999 99999 99999 99999 57 52 99999 99999 99999 99999 59 99999 99999 99999 99999 99999 99999 99999 99999 99999 99999 99999 99999 99999 99999 99999 99999 99999 99999 99999 99999 99999 99999 99999 99999 99999 99999 99999 99999 99999 99999 99999 99999 99999 99999 99999 99999 99999 99999 99999 99999 99999 48 99999 99999 99999 99999 99999 99999 16 99999 99999 99999 99999 99999 99999 99999 99999 99999 99999 99999 99999 99999 99999 99999 99999 99999 99999 99999
99999 99999 99999 99 99999 99999 99999 51 99999 99999 99999 99999 99999 99999 99999 8 99999 99999 99999 99999 96 99999 15 32 99999 99999 99999 99999 99999 99999 99999 99999 99999 99999 99999 99999 99999 99999 99999 99999 99999 99999 99999 99999 99999 99999 75 99999 99999 99999 99999 99999 41 99999 99999 99999 74 99999 52 99999 99999 99999 99999 99999 89 99999 99999 99999 99999 99999 99999 99999 99999 99999 99999 99999 99999 99999 99999 99999 99999 99999 99999 20 99999 99999 99999 99999 99999 99999 11 99999 99999 99999 72 40 99999 99999 92 99999
2 99999 99999 99999 99999 99999 99999 99999 99999 99999 99999 99999 99999 99999 99999 99999 21 99999 99999 99999 99999 99999 99999 99999 47 99999 99999 99999 9 99999 99999 99999 99999 99999 99999 58 99999 99999 99999 99999 99999 99999 99999 99999 99999 99999 99999 99999 63 99999 99999 99999 99999 99999 99999 99999 99999 99999 99999 99999 99999 99999 20 99999 99999 99999 28 99999 99999 99999 99999 99999 99999 99999 99999 99999 99999 53 99999 99999 99999 99999 99999 99999 99999 99999 99999 99999 99999 99999 99999 99999 99999 99999 99999 2 99999 99999 99999 99999
99999 99999 27 99999 99999 99999 99999 99999 99999 99999 99999 99999 99999 97 99999 3 99999 99999 99999 99999 99999 99999 99999 99999 99999 99999 99999 99999 99999 99999 73 99999 99999 99999 69 99999 99999 99999 99999 99999 99999 99999 99999 99999 99999 99999 99999 99999 99999 99999 99999 99999 99999 99999 99999 98 99999 99999 99999 95 99999 99999 99999 99999 99999 99999 99999 99999 62 46 99999 99999 99999 99999 99999 99999 99999 99999 99999 99999 99999 99999 99999 99999 99999 99999 99999 99999 99999 61 99999 99999 99999 11 99999 99999 99999 99999 99999 99999
99999 99999 99999 99999 99999 99999 99999 99999 84 99999 99999 99999 99999 99999 99999 99999 99999 99999 99999 99999 99999 99999 99999 99999 99999 99999 99999 99999 99999 99999 99999 86 99999 99999 99999 99999 99999 99999 99999 99999 99999 99999 99999 99999 99999 99999 99999 99999 99999 99999 99999 99999 99999 99999 99999 99999 99999 99999 99999 99999 99999 99999 99999 99999 99999 99999 99999 99999 99999 99999 22 99999 99999 99999 99999 13 99999 99999 99999 99999 99999 99999 99999 99999 99999 99999 99999 99999 99999 99999 99999 99999 99999 99999 99999 99999 99999 56 44 99999
99999 99999 99999 99999 99999 99999 99999 99999 99999 99999 99999 99999 99999 99999 99999 94 99999 99999 99999 99999 99999 72 99999 26 41 99999 99999 99999 99999 99999 99999 99999 99999 99999 99999 99999 99999 99999 99999 99999 99999 99999 99999 99999 99 99999 99999 99999 99999 99999 88 99999 99999 99999 99999 99999 99999 99999 99999 99 99999 99999 99999 99999 99999 99999 99999 99999 13 99999 99999 99999 99999 99999 2 99999 99999 99999 99999 15 99999 99999 99999 99999 99999 93 99999 99999 99999 99999 99999 99999 99999 99999 99999 99999 69 99999 99999 99999
99999 99999 58 99999 99999 79 99999 99999 99999 99999 99999 99999 99999 99999 99999 99999 99999 99999 99999 99999 99999 92 99999 30 99999 99999 99999 22 99999 99999 99999 99999 99999 99999 76 99999 99999 99999 99999 99999 99999 99999 99999 99999 99999 99999 99999 99999 99999 32 73 99999 99999 99999 99999 99999 99999 99999 99999 52 99999 99999 99999 99999 99999 99999 99999 99999 99999 99999 99999 99999 99999 99999 99999 99999 99999 99999 99999 74 22 99999 99999 99999 99999 99999 99999 99999 99999 99999 99999 99999 99999 99999 99999 6 99999 99999 99999 99999
99999 99999 26 43 99999 99999 99999 20 99999 99999 62 99999 99999 99999 99999 99999 96 99999 99999 99999 99999 99999 99999 99999 5 13 99999 99999 99999 99999 99999 99999 99999 99999 99999 99999 99999 63 99999 99999 99999 33 99999 99999 99999 99999 99999 99999 99999 99999 99999 72 99999 99999 99999 99999 99999 99999 99999 99999 99999 99999 99999 99999 99999 99999 99999 99999 99999 99999 99999 99999 99999 99999 99999 11 99999 99999 99999 99999 99999 99999 99999 99999 99999 99999 99999 99999 99999 35 48 99999 99999 99999 98 99999 99999 99999 99999 99999
30 99999 99999 99999 99999 99999 99999 99999 99999 99999 99999 99999 99999 99999 99999 99999 99999 99999 99999 99999 99999 1 99999 65 99999 99999 99999 67 99999 99999 99999 99999 99999 99999 99999 99999 99999 99999 99999 99999 99999 99999 99999 99999 99999 99999 99999 99999 99999 99999 12 99999 99999 99999 99999 99999 99999 99999 99999 99999 99999 99999 99999 99999 99999 99999 99999 99999 99999 99999 99999 99999 99999 99999 37 99999 99999 99999 99999 99999 99999 99999 81 53 99999 99999 99999 99999 96 99999 99999 99999 99999 99999 99999 99999 99999 99999 99999 99999
99999 99999 99999 99999 99999 99999 99999 99999 99999 90 99999 99999 99999 99999 99999 99999 99999 99999 99999 99999 99999 99999 99999 99 99999 99999 99999 99999 99999 99999 99999 99999 99999 99999 99999 10 99999 99999 99999 99999 99999 99999 71 99999 94 99999 99999 99999 99999 99999 99999 99999 28 99999 99999 99999 99999 99999 99999 99999 99999 99999 99999 99999 99999 99999 99999 99999 99999 99999 99999 99999 99999 99999 99999 99999 99 99999 99999 99999 99999 79 99999 99999 99999 99999 99999 99999 99999 99999 99999 99999 99999 99999 99999 55 99999 99999 43 99999
99999 99999 99999 99999 99999 99999 99999 99999 99999 99999 99999 99999 99999 99999 99999 99999 99999 99999 33 99999 99999 99999 99999 39 99999 99999 99999 99999 99999 73 99999 99999 99999 99999 99999 57 99999 99999 99999 99999 99999 99999 47 99999 99999 99999 99999 7 99999 99999 99999 99999 99999 99999 99999 99999 99999 99999 99999 99999 99999 99999 99999 99999 99999 99999 99999 99999 99999 99999 99999 99999 99999 99999 77 52 99999 99999 99999 99999 99999 99999 99999 99999 99999 99999 99999 99999 99999 99999 99999 99999 99999 19 99999 99999 99999 99999 99999 99999
88 99999 99999 99999 99999 99999 99999 99999 97 99999 85 99999 99999 99999 99999 99999 99999 99999 99999 99999 17 99999 99999 99999 7 99999 99999 99999 99999 6 99999 99999 99999 99999 99999 99999 99999 99999 99999 99999 99999 99999 99999 99999 99999 99999 99999 66 99999 99999 99999 99999 99999 99999 81 99999 99999 99999 99999 99999 99999 99999 99999 99999 99999 99999 74 99999 99999 99999 99999 99999 99999 99999 51 99999 99999 99999 99999 99999 99999 99999 99999 99999 99999 99999 99999 99999 99999 99999 99999 79 99999 72 99999 29 99999 99999 99999 46
99999 99999 99999 36 99999 99999 99999 99999 43 99999 99999 99999 99999 99999 99999 99999 99999 99999 99999 99999 99999 99999 99999 99999 99999 99999 99999 4 99999 99999 99999 99999 99999 99999 99999 99999 99999 99999 99999 99999 99999 99999 36 99999 99999 99999 27 99999 99999 99999 99999 99999 99999 99999 99999 99999 88 99999 99999 99999 99999 99999 99999 99999 99999 99999 99999 99999 99999 99999 99999 99999 99999 99999 99999 99999 99999 99999 99999 99999 99999 99999 99999 63 99999 25 19 99999 99999 99999 99999 99999 99999 99999 99999 99999 99999 99999 18 87
99999 99999 99999 99999 99999 99999 99999 99999 99999 99999 99999 74 99999 30 99999 99999 99999 99999 99999 99999 99999 99999 99999 99999 99999 99999 99999 31 99999 99999 99999 99999 99999 99999 99999 99999 99999 99999 99999 99999 99999 99999 99999 99999 99999 29 99999 99999 99999 99999 99999 99999 99999 99999 99999 99999 99999 99999 99999 99999 99999 99999 89 99999 99999 99999 99999 99999 99999 9 99999 99999 99999 99999 58 99999 99999 99999 99999 33 99999 99999 99999 99999 99999 99999 99999 99999 99999 99999 99999 99999 99999 43 99999 99999 99999 99999 99999 99999
99999 99999 99999 99999 99999 99999 99999 99999 99999 99999 70 99999 91 99999 99999 99999 99999 99999 62 99999 42 99999 99999 99999 99999 99999 99999 99999 99999 99999 99999 99999 99999 99999 99999 99999 99999 99999 99999 99999 99999 99999 99999 99999 99999 99999 99999 15 99999 99999 99999 99999 99999 99999 99999 99999 99999 99999 99999 13 93 91 99999 43 99999 99999 99999 99999 99999 99999 99999 99999 81 99999 99999 29 89 99999 99999 99999 82 99999 99999 99999 99999 99999 21 15 99999 99999 99999 99999 99999 99999 99999 93 99999 99999 99999 99999
99999 99999 99999 99999 99999 99999 71 99999 21 86 99999 99999 48 99999 99999 99999 99999 79 99999 99999 99999 99999 99999 99999 99999 99999 99999 99999 99999 99999 99999 99999 99999 99999 99999 99999 99999 25 99999 99999 99999 99999 99999 99999 99999 75 99999 8 99999 99999 99999 99999 99999 99999 45 99999 99999 99999 99999 99999 99999 99999 32 74 99999 10 99999 99999 99999 99999 99999 99999 99999 99999 99999 99999 99999 92 99999 99999 99999 99999 99999 99999 95 99999 99999 99999 99999 99999 99999 99999 99999 99999 99999 99999 99999 99999 15 99999
99999 99999 99999 99999 99999 99999 99999 1 99999 99999 99999 99999 99999 99999 99999 99999 99999 99999 99999 99999 99999 99999 99999 99999 99999 99999 99999 99999 99999 99999 99999 99999 99999 99999 68 99999 99999 99999 99999 99999 99999 99999 83 99999 99999 99999 99999 99999 99999 99999 49 99999 99999 99999 99999 99999 99999 99999 99999 99999 99999 99999 99999 99999 99999 99999 20 99999 99999 6 99999 99999 99999 99999 99999 99999 99999 99999 99999 78 99999 99999 99999 99999 99999 99999 99999 3 99999 52 99999 99999 99999 99999 96 99999 99999 99999 99999 99999
99999 99999 99999 99999 99999 99999 99999 99999 99999 99999 99999 99999 99999 52 92 94 99999 78 99999 99999 76 99999 99999 99999 99999 98 99999 43 99999 99999 99999 99999 99999 99999 99999 99999 99999 65 99999 99999 99999 99999 73 99999 52 99999 99999 99999 99999 99999 99999 99999 99999 99999 99999 99999 99999 99999 99999 77 99999 99999 99999 99999 99999 99999 99999 99999 99999 99999 99999 99999 99999 99999 99999 99999 99999 99999 99999 99999 56 99999 99999 99999 99999 99999 99999 99999 99999 15 99999 93 99999 99999 66 99999 99999 99999 99999 94
99999 99999 99999 99999 99999 41 99999 99999 99999 99999 99999 99999 99999 99999 99999 99999 99999 99999 99999 99999 99999 99999 99999 99999 99999 5 99999 99999 99999 99999 7 99999 99999 99999 83 99999 99999 99999 73 99999 99999 99999 99999 99999 99999 14 99999 99999 99999 99999 99999 99999 99999 99999 99999 99999 99999 99999 99999 99999 99999 99999 99999 99999 99999 99999 36 99999 99999 99999 99999 99999 99999 99999 99999 99999 99999 99999 99999 99999 99999 99999 99999 99999 99999 99999 99999 99999 99999 99999 99999 99999 99999 99999 99999 99999 99999 99999 99999 47
99999 99999 99999 99999 99999 99999 99999 99999 75 99999 99999 99999 99999 99999 99999 30 99999 99999 99999 99999 99999 99999 99999 99999 99999 99999 99999 79 99999 99999 99999 99999 99999 99999 99999 99999 99999 99999 96 99999 99999 99999 99999 99999 99999 99999 99999 99999 99999 55 99999 99999 99999 99999 99999 99999 99999 99999 99999 32 99999 99999 99999 99999 99999 99999 99999 99999 99999 99999 99999 99999 99999 99999 99999 99999 23 99999 99999 99999 14 99999 99999 99999 99999 99999 28 99999 99999 72 99999 99999 99999 99999 99999 99999 99999 99999 99999 99999
99999 99999 99999 99999 99999 99999 99999 99999 11 99999 99999 14 99999 99999 99999 99999 99999 99999 99999 99999 99999 99999 99999 99999 99999 99999 99999 99999 99999 99999 99999 99999 99999 99999 99999 56 99999 99999 99999 99999 99999 99999 99999 99999 99999 41 99999 99999 99999 99999 99999 99999 99999 99999 99999 99999 99999 99999 67 99999 99999 99999 99999 99999 99999 99999 99999 99999 99999 99999 99999 42 99999 99999 99999 99999 99999 46 99999 99999 99999 99999 99999 99999 99999 99999 99999 99999 99999 99999 99999 99999 99999 99999 99999 99999 99999 99999 99999 99999
