16
99999 5 99999 99999 33 99999 99999 99999 99999 99999 99999 99999 99999 99999 99999 99999
5 99999 7 99999 99999 12 99999 99999 99999 99999 99999 99999 99999 99999 99999 99999
99999 7 99999 23 99999 99999 6 99999 99999 99999 99999 99999 99999 99999 99999 99999
99999 99999 23 99999 99999 99999 99999 16 99999 99999 99999 99999 99999 99999 99999 99999
33 99999 99999 99999 99999 24 99999 99999 4 99999 99999 99999 99999 99999 99999 99999
99999 12 99999 99999 24 99999 14 99999 99999 20 99999 99999 99999 99999 99999 99999
99999 99999 6 99999 99999 14 99999 8 99999 99999 27 99999 99999 99999 99999 99999
99999 99999 99999 16 99999 99999 8 99999 99999 99999 99999 17 99999 99999 99999 99999
99999 99999 99999 99999 4 99999 99999 99999 99999 2 99999 99999 2 99999 99999 99999
99999 99999 99999 99999 99999 20 99999 99999 2 99999 3 99999 99999 40 99999 99999
99999 99999 99999 99999 99999 99999 27 99999 99999 3 99999 31 99999 99999 23 99999
99999 99999 99999 99999 99999 99999 99999 17 99999 99999 31 99999 99999 99999 99999 1
99999 99999 99999 99999 99999 99999 99999 99999 2 99999 99999 99999 99999 15 99999 99999
99999 99999 99999 99999 99999 99999 99999 99999 99999 40 99999 99999 15 99999 40 99999
99999 99999 99999 99999 99999 99999 99999 99999 99999 99999 23 99999 99999 40 99999 11
99999 99999 99999 99999 99999 99999 99999 99999 99999 99999 99999 1 99999 99999 11 99999
1