1 3 3 5 7
2 0
3 0
4 1 8
5 2 6 7
6 1 14
7 1 14
8 1 4
9 1 10
10 3 11 12 13
11 1 23
12 0
13 0
14 2 9 15
15 1 17
16 0
17 1 18
18 1 19
19 1 20
20 2 9 15
21 1 22
22 2 23 28
23 1 24
24 1 25
25 1 26
26 1 27
27 1 21
28 2 29 39
29 2 30 33
30 2 31 33
31 1 34
32 2 33 35
33 2 34 36
34 1 37
35 1 36
36 2 35 37
37 2 38 40
38 0
39 1 30
40 2 41 43
41 1 42
42 1 43
43 1 44
44 2 45 46
45 1 46
46 1 47
47 1 48
48 2 49 50
49 1 50
50 1 51
51 3 52 56 62
52 3 54 57 58
53 3 54 59 61
54 3 57 60 61
55 2 58 63
56 3 52 53 54
57 3 60 65 66
58 2 57 64
59 1 61
60 1 65
61 1 60
62 2 52 55
63 2 64 67
64 2 66 68
65 1 70
66 1 69
67 1 68
68 1 69
69 1 70
70 1 71
71 1 72
72 1 73
73 1 74
74 1 75
75 1 76
76 1 77
77 1 78
78 1 79
79 1 80
80 1 81
81 1 82
82 1 83
83 1 84
84 1 85
85 1 86
86 1 87
87 1 88
88 1 89
89 1 90
90 1 91
91 1 92
92 1 93
93 1 94
94 1 95
95 1 96
96 1 97
97 1 98
98 1 99
99 0
100 0
